17653
18165
20545
8111
3650
15049
13238
14078
13554
5838
2047
19827
2979
23095
4186
21984
19355
13812
17078
4688
11390
4879
16609
22573
148
5714
23299
23008
5931
312
5666
6160
3645
6939
22751
23751
9961
22556
17185
16078
475
17278
1179
23042
3341
15643
18476
17725
14044
1696
6345
13847
18346
10110
19257
13614
19018
23851
12368
21190
23165
15143
7167
3174
10928
9361
1420
9017
18543
16355
1345
6857
6581
4506
10400
5276
2867
4178
11614
5321
13612
24117
24059
2032
4151
7022
9871
12768
18167
2014
15487
11946
8344
15574
7157
4745
18866
16975
6150
1057
19594
22800
18853
17384
3314
422
22450
11653
12272
15097
22199
4141
15448
15465
15492
16838
13622
23901
12420
2005
14291
8639
16692
3004
8416
1136
11778
20516
9362
17636
16970
23522
10658
18128
8259
12959
24121
19989
6711
14816
17787
19685
11792
12235
18443
17368
3653
10729
11461
11982
13629
11074
6831
24250
2208
6805
24361
20762
9588
6274
7478
7001
15527
22015
8510
18446
3603
6761
17995
6123
20569
664
9680
24956
12197
6708
86
4
14484
779
22598
20573
2302
10597
21689
9912
11560
8544
11293
3674
12114
12053
18538
22881
9298
12278
4316
10702
4382
13937
1236
14583
12661
21343
23784
23763
14058
21538
14815
7407
19323
19262
15537
160
23388
24435
17871
1396
18021
2330
4858
6044
10959
12822
15752
6880
14006
9430
3807
4271
11545
15937
20667
10073
21243
16881
10254
14044
13275
13072
9270
13125
15010
15930
22754
20755
14720
24160
781
23862
23682
22389
22108
19081
3570
13090
6381
6026
16486
10960
5609
22699
22240
10109
10029
14040
1561
24091
1670
3275
11746
13710
13708
6550
8614
8036
8790
1282
11329
19777
11912
14994
296
14493
8335
1922
9577
24401
8571
16958
110
7353
22282
1227
24090
15322
1885
5344
13327
24085
20205
20913
10539
16104
5006
7717
5657
6180
24169
12556
7053
2795
24688
9248
44
7645
19541
16630
13570
10748
10683
4894
7223
24701
19467
15364
7649
475
20874
8460
16342
11727
19770
2787
13828
9200
14825
6617
16110
18287
10538
5830
19937
24925
12858
6752
2353
15455
22512
13145
17216
21715
16872
22137
15415
3877
22085
17815
18524
12512
4855
3219
7805
1307
14919
22239
3762
18526
16135
9490
663
1464
20039
13302
15418
4791
10444
202
9165
4489
9560
23820
1752
13806
10707
17359
21332
7640
4908
19500
15928
11246
23535
3401
7941
12715
11719
15521
16342
16584
3087
23270
21188
37
16133
21039
5913
2029
6983
7194
8696
20884
15258
6998
19823
20335
4237
6899
8320
11949
14307
2831
12896
2644
24603
16181
13408
16426
18509
7200
20840
1858
18950
16404
11373
1851
10463
3027
6881
2335
5178
16940
6556
24767
22634
16195
1590
9508
24385
2424
2667
19024
15842
16943
4436
8058
21400
12112
10167
4226
13962
22375
4692
20493
4983
13083
3755
7747
16671
18195
20043
7967
17986
17731
12200
23458
19256
2780
15055
565
15884
5586
16725
4641
23395
1545
7520
6042
19369
16114
15127
1657
23588
19766
15422
1255
14354
5786
9276
16875
1523
6811
22013
13491
16512
6409
19584
10587
15077
1487
10104
4715
15820
7361
12408
15712
5056
22951
21363
14076
8397
17017
7861
9050
4202
17298
23854
22438
9776
23885
6499
11535
21251
11299
3724
8732
21708
22817
9346
24045
18475
8877
9886
15200
6596
18541
267
15035
11016
13037
11245
8799
19538
3291
1418
2886
5858
1958
3711
8891
11365
22749
21620
3828
20233
24315
15652
20431
18644
2354
19968
746
13881
16826
4831
18596
15552
17488
14737
14601
19932
7431
14050
8682
3182
11792
13993
19082
4524
5161
2287
1582
4317
343
5918
971
17294
6679
20767
21555
17375
23413
7878
9821
12183
23766
22305
1981
14683
13916
7387
6425
13290
17288
18849
15787
10650
10997
15439
23214
7855
16786
5484
24436
2232
19336
18365
21139
958
5987
20013
1881
2259
11064
21672
11598
3528
5478
7939
24467
3662
7417
16346
9427
7485
24974
7237
15957
22433
7601
2594
11748
8077
13628
8772
1804
22640
485
4781
10179
24672
13795
24478
11969
22537
16116
13375
17845
17140
23209
1712
9443
763
5205
11514
19751
961
13458
6496
14060
17987
5340
14715
9233
24945
24865
1586
15981
12624
11312
20080
6320
15001
8941
8663
1863
8441
24973
7617
15448
17484
19227
16592
8529
14266
2706
9672
23736
4735
9274
5387
3614
11997
19044
17478
12257
12333
16649
6253
6124
15147
20377
12980
24675
7082
22504
7044
10460
10991
18058
4793
6324
1314
23714
8487
18395
7230
7835
7658
13100
7226
23009
21078
16097
15606
22943
3233
66
10311
9408
9797
21227
17732
14274
19295
19147
23754
15227
68
13545
22630
10585
24093
6609
13569
8298
3295
12602
22106
16249
10741
1308
5510
18396
3676
21577
9695
11434
6313
747
7414
2915
2483
10018
14206
5563
10105
23476
13936
21679
20870
19816
18949
12738
18613
18832
11525
18092
9405
62
17125
18642
20688
9582
18058
23021
8945
16527
2171
14559
3389
13177
1656
2970
8712
2603
20257
2763
24444
15696
17222
3926
1946
7688
21283
20090
10838
10567
7761
20849
18364
5989
13487
5618
22043
7039
21836
13391
276
19880
8284
9792
14625
9005
23764
10880
12608
7740
698
23452
9312
9449
20003
10301
1905
489
11913
2987
10913
8188
3381
4329
771
2342
2031
3468
11591
3429
11527
6405
1874
14746
1319
1327
10362
14922
20596
19929
2593
4525
12454
5461
10511
18413
23177
14668
10368
3049
13097
3157
11622
11741
11697
8428
15898
10654
16241
11490
18067
24385
13765
24340
23012
9861
219
22263
19188
17105
1520
10978
6238
21108
9691
14048
21698
14499
12847
20651
24231
9143
21898
17052
9153
13089
18180
22637
1678
1984
5067
15967
9752
9062
6978
20735
15990
3369
1679
13551
20177
3202
21274
3246
1089
6661
681
19942
8920
6620
19362
1766
23795
10247
14532
13915
9168
5210
20895
11643
2011
9252
17882
15228
22324
10446
15015
10188
1153
7188
369
4135
1898
9454
19977
5764
24594
984
22596
7164
8551
22986
10599
16114
3128
8737
24202
23980
10670
6563
2834
7319
7455
17598
14103
3468
13729
23944
9666
13179
63
20486
